1000
39 62 18
10 86 69
0 55 55
59 96 91
0 20 21
92 33 47
30 17 52
12 55 55
73 41 26
46 38 10
89 8 11
99 97 98
29 42 62
81 30 41
63 38 11
65 89 98
52 27 39
4 86 31
38 13 25
80 5 56
54 53 91
52 22 97
70 100 38
19 15 33
98 13 29
57 87 8
61 18 70
47 1 94
36 61 83
2 9 3
42 63 85
17 24 45
93 62 88
7 95 21
45 58 69
93 62 100
34 44 71
2 86 38
50 58 100
71 81 41
45 94 28
50 91 58
17 69 21
95 92 84
15 40 98
33 56 65
6 45 79
81 79 13
65 77 35
77 83 58
43 82 18
1 87 71
85 71 33
17 63 22
52 91 16
58 16 65
34 14 7
87 37 39
1 23 28
59 83 100
98 83 39
52 68 7
13 21 19
98 38 32
74 86 76
84 90 1
100 74 54
63 43 23
41 62 75
20 11 46
62 90 75
67 60 99
5 74 9
83 77 15
61 56 2
31 90 6
76 87 22
83 77 98
58 20 22
7 29 92
82 65 54
79 94 60
51 34 61
6 90 7
41 35 64
5 77 3
48 19 14
80 33 25
5 47 66
15 72 4
52 71 59
24 29 11
80 22 42
24 84 57
54 31 99
83 25 47
97 83 99
10 32 14
90 16 86
41 26 27
82 79 96
55 71 19
18 95 60
40 9 35
86 41 9
82 19 81
91 41 56
7 84 22
65 48 46
47 66 68
91 65 22
100 64 45
75 12 4
15 28 37
61 29 41
91 63 85
23 76 96
93 73 87
83 83 38
42 73 40
12 83 57
39 39 55
100 97 2
20 56 69
88 7 40
58 18 38
44 26 6
37 77 96
6 74 32
49 18 95
21 60 67
5 92 68
75 79 54
52 96 17
93 92 92
86 67 92
87 78 17
63 53 74
55 82 21
59 19 85
81 40 43
17 37 79
49 79 11
85 70 9
93 26 48
43 81 99
77 75 10
11 10 80
49 11 58
12 24 3
28 13 37
40 29 7
22 42 25
46 74 16
77 61 9
41 32 82
50 66 61
5 77 17
14 89 2
45 24 72
91 35 47
38 27 52
91 48 60
27 6 1
81 38 96
96 23 25
57 26 71
39 68 89
73 100 14
34 29 29
77 91 2
87 63 16
89 11 13
71 52 15
6 36 66
38 100 15
16 46 80
2 77 57
74 92 31
65 91 93
62 86 17
16 96 54
19 80 12
30 5 55
69 3 81
57 98 14
16 97 9
71 76 48
95 20 58
2 32 95
55 80 45
23 17 75
78 53 78
38 15 17
79 40 83
27 56 28
57 75 37
50 22 86
23 36 86
60 24 94
65 83 43
39 85 37
24 89 95
39 81 80
90 48 65
38 91 22
53 66 72
52 29 5
0 15 62
4 1 83
12 72 83
34 67 6
16 12 2
94 53 82
90 47 68
87 28 17
49 32 95
15 81 30
4 99 54
38 31 43
8 90 85
17 42 4
36 67 58
67 45 63
3 31 48
22 14 70
43 44 59
11 99 92
13 42 34
8 87 8
67 5 11
77 83 32
19 38 41
5 95 26
16 20 13
95 44 79
50 82 26
44 7 12
15 74 4
85 2 99
22 75 38
87 37 36
79 100 64
12 71 89
32 68 96
60 83 20
80 80 99
85 68 41
43 54 4
7 55 65
66 22 24
25 25 97
91 86 25
49 22 17
46 13 17
93 61 47
68 45 5
44 31 91
6 56 93
4 87 25
25 63 58
54 12 86
6 90 18
33 44 96
14 12 58
97 14 17
9 72 95
1 55 20
68 94 26
15 73 20
92 7 98
6 10 20
14 98 61
35 35 60
20 71 63
54 84 33
91 10 57
48 100 27
66 90 100
28 96 15
96 28 17
100 35 40
48 69 67
94 29 61
7 25 48
98 28 93
88 27 3
87 22 56
32 27 27
61 87 41
73 60 73
96 95 29
100 91 42
56 87 92
7 72 10
35 71 80
84 93 54
31 9 89
75 71 84
59 8 29
44 27 57
67 73 45
22 28 37
92 40 17
60 29 94
56 80 4
34 72 48
25 24 95
78 28 94
2 20 12
66 69 9
88 17 98
20 14 88
1 97 39
78 71 68
22 97 31
52 36 12
40 5 31
62 57 13
90 77 46
68 31 60
46 100 56
48 55 54
48 21 33
32 74 85
37 26 33
17 43 82
48 77 79
41 20 71
30 83 16
10 5 43
90 24 63
27 86 68
92 3 36
74 98 45
93 8 68
75 2 67
91 25 16
96 33 27
64 38 29
61 38 36
92 100 81
0 68 90
36 86 34
91 24 30
53 90 67
75 23 60
72 45 65
1 74 53
77 89 75
74 76 22
84 79 48
58 27 76
16 35 59
33 17 14
43 47 33
42 12 84
25 2 9
7 38 80
3 96 47
53 3 4
17 17 24
31 57 62
34 66 96
53 97 9
16 58 27
69 96 3
3 22 39
85 93 63
32 77 66
89 84 47
19 57 99
73 7 6
87 37 94
34 10 100
2 57 53
2 93 86
82 28 71
99 58 92
76 85 40
73 94 45
33 36 11
0 39 48
45 4 63
48 62 3
83 27 46
28 43 83
33 70 76
92 55 47
58 86 97
35 55 63
3 19 75
56 1 93
75 83 75
32 46 61
100 9 27
3 38 18
26 92 27
55 12 25
81 14 29
76 45 72
2 47 93
1 54 73
19 54 59
75 96 31
40 67 34
30 65 81
28 62 38
38 3 52
0 71 40
68 88 23
46 54 18
24 26 19
4 42 74
51 57 31
82 24 95
96 2 72
29 16 45
51 9 46
32 60 75
2 67 55
99 91 5
14 46 40
97 40 88
5 19 45
58 90 100
7 68 97
4 92 13
26 2 42
70 70 72
74 13 7
1 81 66
57 76 70
31 83 25
52 79 8
37 29 63
99 8 47
31 8 81
20 2 14
18 18 95
82 55 91
96 74 56
89 41 20
7 62 58
68 23 60
63 74 95
16 86 48
52 79 95
58 58 81
93 37 34
20 56 46
59 22 76
51 66 33
11 30 40
29 23 13
83 81 21
5 20 37
16 5 23
30 60 84
59 78 24
76 86 17
64 20 30
27 23 72
48 16 37
84 32 46
19 67 40
2 94 46
11 92 53
28 95 81
38 20 36
17 78 67
71 86 34
57 85 91
16 39 79
62 46 8
45 70 62
69 39 59
22 84 76
42 65 78
42 13 34
93 91 57
98 80 87
11 60 98
39 43 22
7 33 36
12 9 17
100 33 89
41 85 37
31 20 6
24 66 29
83 45 78
65 42 19
0 30 70
34 16 89
47 32 85
31 46 91
96 100 18
70 88 73
69 82 83
96 44 13
42 58 87
44 71 96
23 21 97
87 66 72
60 4 61
13 47 81
2 72 59
39 62 19
98 39 27
68 82 88
33 20 79
48 64 69
9 3 8
75 18 15
13 62 69
80 74 70
31 10 68
100 87 47
70 16 5
56 61 7
74 24 4
69 26 21
24 81 77
19 32 19
0 10 42
62 17 79
95 24 55
35 16 42
75 76 37
26 7 46
74 35 91
97 18 34
10 55 4
66 96 69
11 45 47
100 61 33
61 34 14
89 86 90
2 36 39
28 58 46
51 39 32
40 58 61
42 67 86
83 88 33
67 12 75
91 96 80
86 22 44
35 8 16
58 91 89
75 28 25
5 97 10
1 52 5
30 64 33
53 76 77
95 53 33
21 99 3
96 80 66
16 20 69
56 57 34
8 13 21
4 64 60
61 88 67
10 9 17
85 55 91
75 9 23
73 9 85
21 88 44
3 89 85
90 58 66
46 60 37
94 11 37
82 70 56
70 67 75
72 40 83
61 95 87
35 64 17
99 77 4
74 27 60
10 33 56
82 98 10
69 18 21
40 47 81
97 82 93
46 71 15
65 34 26
67 89 59
17 53 33
73 66 59
3 83 27
33 34 86
86 89 75
55 93 15
9 100 8
41 9 44
75 37 68
97 10 17
12 7 78
95 59 36
86 92 88
91 63 31
41 67 73
91 22 82
72 82 11
86 54 55
52 68 11
17 75 28
60 5 38
58 36 22
82 77 39
33 55 85
70 25 2
68 63 40
51 46 69
64 96 55
19 90 69
94 13 95
40 32 40
37 21 1
98 23 27
99 3 95
87 21 91
100 39 9
75 63 74
34 85 73
52 10 20
46 100 80
16 43 68
100 66 13
67 58 20
20 18 1
75 30 25
87 93 35
81 69 83
58 63 62
43 19 26
13 55 55
70 15 34
94 30 5
34 15 71
87 5 14
77 65 16
14 36 81
55 3 20
12 39 71
97 44 60
22 61 99
19 59 93
59 31 96
22 2 57
18 56 55
92 67 54
84 98 55
38 73 58
99 26 64
23 65 87
2 64 93
25 74 22
84 30 23
67 43 16
87 57 12
74 73 98
27 81 7
61 12 61
18 82 44
61 9 64
69 62 92
35 55 45
46 59 25
4 8 40
84 24 17
78 100 69
84 70 75
85 84 21
88 58 41
19 53 6
90 67 82
19 32 69
16 10 4
100 54 94
4 64 27
47 39 84
57 10 21
100 47 93
59 43 87
74 3 72
36 98 27
53 70 66
83 62 4
99 35 58
74 29 63
43 89 76
84 75 56
46 26 68
75 46 17
87 70 20
34 9 32
85 9 98
19 87 86
94 41 86
14 78 60
75 55 81
25 60 20
39 72 57
22 45 39
27 65 77
73 81 87
84 71 12
100 55 38
57 58 89
0 2 42
41 58 27
24 98 37
46 4 73
87 47 83
83 39 80
53 28 74
57 14 13
93 40 71
7 79 5
72 53 57
33 84 61
78 23 25
4 45 66
25 43 2
82 47 46
82 97 70
64 82 82
79 67 41
67 60 11
3 53 40
87 15 84
28 46 55
61 6 25
41 88 72
83 12 56
13 15 91
16 88 96
68 23 92
98 4 46
42 35 78
25 17 18
100 37 76
98 31 67
100 1 1
16 54 82
67 56 15
35 97 48
14 72 37
100 17 30
13 66 1
100 91 95
98 69 74
55 94 27
55 77 36
90 93 62
45 39 5
23 7 3
18 66 28
96 67 6
67 95 83
50 22 62
50 96 59
23 7 39
75 68 11
79 48 79
46 13 67
63 75 34
53 89 74
78 84 95
79 87 63
63 18 95
73 43 35
52 71 98
65 77 76
4 90 64
65 69 32
55 84 13
2 76 15
80 53 38
11 78 3
38 86 11
13 94 70
4 84 60
75 97 39
70 91 100
39 62 100
40 29 19
54 6 54
3 98 22
53 6 61
15 29 66
30 86 56
90 70 34
27 61 19
0 65 91
12 85 59
15 48 19
37 2 41
77 76 20
47 71 80
80 70 89
35 87 31
13 69 20
10 67 92
82 93 96
44 60 67
100 31 11
41 85 26
49 60 88
95 21 59
25 85 66
43 72 63
60 100 78
77 23 24
81 38 43
63 5 13
20 46 63
100 18 7
29 72 80
22 89 58
98 22 42
11 69 57
72 98 89
17 73 94
54 72 3
6 54 76
57 76 73
15 27 85
64 81 11
66 25 14
92 38 94
76 70 22
58 99 46
13 46 10
44 52 32
6 37 12
13 28 46
21 57 20
51 16 83
44 65 58
38 96 19
82 86 16
55 47 53
67 1 56
66 96 69
64 25 83
71 28 11
43 86 20
97 61 94
32 15 55
30 29 57
4 80 61
8 44 91
29 81 85
100 84 72
17 55 29
79 7 62
23 100 5
21 63 84
21 6 39
61 71 58
36 41 40
84 95 42
87 20 40
31 47 82
80 65 25
59 75 32
84 48 1
61 30 32
33 60 68
49 86 5
67 77 35
28 75 45
95 95 17
83 89 31
77 67 94
72 17 12
24 1 68
33 35 34
96 23 79
85 73 70
90 37 82
80 94 17
95 88 7
57 75 18
4 47 5
50 27 13
45 83 96
34 44 91
97 76 47
49 97 30
8 20 80
30 44 90
11 73 54
10 38 38
14 84 31
67 53 15
32 14 83
57 48 78
100 26 16
57 52 31
78 22 46
74 77 38
77 28 9
94 20 21
16 15 64
89 74 71
9 10 84
68 13 87
67 48 15
41 12 92
78 12 41
92 31 9
78 3 72
70 35 42
59 82 94
39 68 98
49 42 78
28 37 95
31 37 19
38 13 28
1 90 31
20 60 5
47 66 45
28 95 98
57 28 81
47 12 95
36 42 44
16 81 80
13 35 36
28 88 81
100 70 91
74 35 78
26 57 61
99 99 99
42 25 39
53 86 23
1 87 21
66 75 25
70 72 24
17 6 40
37 92 57
4 25 17
84 18 41
23 58 58
98 6 75
42 93 63
56 43 8
61 11 30
100 23 20
76 21 60
90 76 61
24 24 77
77 75 53
91 83 54
56 22 38
61 11 61
31 43 35
20 39 43
72 83 63
32 96 39
89 99 82
10 28 72
22 34 52
16 79 40
41 98 74
80 15 95
50 36 93
57 41 42
97 48 53
96 46 59
23 1 19
85 73 67
19 13 36
79 29 41
41 97 68
33 29 79
75 31 59
18 61 15
66 16 67
84 69 3
75 69 6
98 87 25
17 79 13
15 81 62
23 66 83
5 66 37
92 80 87
56 82 23
13 45 52
52 56 84
9 70 2
52 58 41
2 21 41
81 13 32
44 5 97
16 81 32
2 35 88
20 73 83
23 3 100
