1000
33 22 56
9 37 51
98 44 94
20 86 55
58 85 92
89 17 48
47 43 74
38 37 72
98 77 11
37 18 41
26 74 3
76 91 63
96 65 69
10 23 95
80 49 29
80 84 27
29 86 98
32 56 11
86 18 58
52 17 82
65 43 83
79 29 63
32 74 89
32 60 1
89 91 54
42 99 8
78 71 39
10 66 37
69 1 74
89 34 72
68 95 55
32 87 4
89 23 53
43 26 40
6 37 75
77 28 72
93 93 5
76 16 93
97 99 61
58 4 42
46 22 42
95 12 75
19 32 52
77 87 94
48 2 40
44 86 100
1 23 16
68 34 6
89 32 53
79 73 95
70 87 19
81 29 16
54 19 96
49 2 13
80 63 48
44 32 33
74 82 61
51 24 62
80 12 22
64 53 98
63 4 82
37 73 15
18 50 73
69 67 9
36 42 6
16 43 89
74 68 34
44 54 93
50 17 62
23 93 59
66 10 32
94 44 19
73 75 20
29 70 57
20 53 47
88 91 16
73 40 44
23 16 60
5 57 8
99 62 48
60 5 100
42 34 40
52 82 45
72 18 37
94 76 98
90 21 60
73 98 35
72 93 57
50 6 39
66 93 92
12 7 97
56 53 82
3 97 77
72 8 34
86 47 21
23 90 34
36 84 96
2 25 96
4 99 11
18 47 63
96 76 4
23 84 44
50 95 17
14 27 25
94 87 81
10 18 45
26 87 13
38 2 73
86 5 12
85 79 56
39 22 3
68 3 27
88 66 12
57 54 62
16 28 94
48 6 78
89 81 56
81 39 9
23 24 40
15 17 42
62 73 18
88 59 92
84 25 100
63 88 43
46 47 26
49 83 65
21 79 47
66 49 32
65 6 73
54 41 96
95 19 38
77 69 69
3 63 59
87 47 22
62 12 72
52 83 69
83 46 72
98 91 36
34 90 70
22 43 61
15 86 31
70 73 8
51 48 42
48 84 73
43 2 61
18 45 19
38 22 24
82 53 22
16 92 20
8 54 29
81 53 26
55 9 41
8 5 59
17 22 14
65 45 85
69 75 43
77 4 38
78 86 62
15 90 21
23 43 62
52 30 59
64 74 83
77 18 81
70 60 69
94 16 88
88 78 94
68 53 8
16 88 97
2 67 28
96 28 66
13 35 37
67 37 42
59 98 22
15 66 55
96 58 46
45 6 12
62 27 77
90 24 36
56 62 40
26 37 93
73 72 3
96 51 88
46 88 60
15 72 30
23 27 93
87 12 16
79 17 91
64 68 46
6 61 31
73 68 70
14 57 58
48 79 12
72 20 90
57 44 85
85 46 76
90 53 82
12 83 19
56 59 12
84 55 94
15 5 27
67 94 47
75 56 70
54 77 3
3 78 89
16 36 47
79 20 8
45 95 55
64 56 2
62 48 1
17 62 98
88 6 7
50 78 55
24 39 25
63 83 30
59 11 65
28 34 88
44 27 20
91 59 34
41 6 6
20 48 54
72 28 67
77 49 71
17 60 31
96 17 11
23 26 33
41 25 10
53 82 2
81 14 89
39 10 75
41 77 93
91 54 95
35 49 28
10 14 48
25 9 18
47 42 43
11 69 82
1 56 1
65 81 72
17 55 34
19 34 51
13 71 33
88 39 95
24 65 3
53 27 61
56 29 48
93 13 52
52 66 4
66 18 7
71 25 57
53 6 100
88 45 78
83 75 65
19 26 3
21 20 74
82 77 23
87 25 64
22 66 14
64 39 70
39 87 77
57 60 67
88 54 74
29 17 79
94 11 99
50 93 66
17 94 82
96 21 88
27 12 98
74 25 6
71 98 92
90 15 81
59 62 5
24 95 74
82 56 78
19 19 50
58 44 74
87 89 12
32 70 92
83 25 68
28 96 36
76 56 14
38 26 51
60 74 15
12 90 10
14 54 43
79 63 77
99 85 4
29 66 69
62 14 61
84 76 6
37 24 63
42 25 41
19 23 71
36 2 8
34 94 65
23 65 32
66 80 7
6 60 47
51 7 24
70 81 93
10 50 10
71 28 22
48 21 89
78 51 43
79 95 26
74 59 38
48 87 13
20 97 30
77 71 53
73 30 63
52 5 13
11 82 64
76 95 74
84 11 10
82 10 89
73 44 86
97 8 29
51 9 33
10 4 79
87 34 78
39 42 39
42 27 14
37 39 32
13 4 47
45 4 67
22 64 90
44 60 52
64 27 81
34 87 56
16 65 66
57 82 8
32 50 56
34 50 45
43 55 89
84 66 39
90 81 25
99 98 34
27 57 59
93 64 60
59 96 25
34 15 91
51 97 51
29 77 7
38 58 44
78 34 90
80 3 87
53 69 39
1 32 83
13 94 95
94 15 35
22 92 93
23 28 50
28 33 43
5 34 6
85 55 63
61 71 40
60 84 59
66 29 57
11 16 52
32 63 95
12 5 62
39 15 67
74 2 97
11 1 27
69 52 52
21 13 63
27 45 79
78 78 48
21 45 28
71 30 89
97 22 99
29 82 27
43 8 35
45 90 63
39 70 90
14 16 61
35 52 23
54 82 10
11 45 60
10 28 75
28 99 86
46 80 8
32 55 67
98 85 98
67 22 8
14 87 25
30 68 58
8 87 82
45 14 83
63 13 21
45 19 33
23 39 97
59 27 28
76 20 42
35 26 74
23 48 33
83 96 83
58 46 18
47 33 80
37 37 31
78 31 96
71 65 68
57 39 64
83 98 88
99 89 10
83 74 26
46 93 37
66 79 24
64 6 90
42 83 68
91 43 6
46 66 95
12 9 20
86 12 14
63 59 15
95 63 4
70 41 100
27 33 78
26 54 67
75 31 42
13 73 59
7 43 73
24 76 48
35 14 50
83 39 95
85 98 88
64 76 33
6 30 80
11 32 24
2 47 11
12 17 46
99 93 65
29 15 60
27 89 49
49 39 42
97 17 60
71 97 64
35 23 52
18 52 38
21 54 72
45 12 99
35 17 44
17 77 71
85 49 19
52 98 32
54 48 45
37 98 8
24 1 10
69 30 98
6 13 78
32 76 20
39 78 69
69 95 82
23 78 58
12 91 69
92 20 93
2 13 7
52 14 72
13 29 76
19 10 22
84 8 63
64 90 4
84 4 41
73 89 19
92 83 24
30 89 72
35 61 46
29 51 23
5 15 30
48 29 79
27 98 12
46 33 84
69 19 47
61 9 26
20 30 77
6 34 8
80 81 36
53 34 58
61 31 43
93 43 100
79 77 60
95 73 77
34 29 19
32 38 27
92 8 92
50 90 4
15 91 56
32 83 47
77 29 26
92 64 15
28 55 74
47 90 13
93 2 70
44 53 68
91 57 7
70 80 71
87 2 48
17 61 31
29 43 18
25 17 84
65 46 28
98 19 68
7 25 83
56 93 21
13 97 71
85 18 10
15 61 72
31 10 21
36 23 72
65 28 89
3 59 71
30 65 38
70 64 63
42 16 17
24 93 54
12 4 58
62 79 49
77 48 40
93 19 82
38 33 98
76 81 25
2 45 33
95 33 34
82 38 55
95 23 21
39 12 57
90 44 83
80 76 61
93 45 56
94 55 57
55 66 64
20 15 29
13 99 44
87 72 78
19 42 22
31 14 25
96 85 7
63 16 63
76 63 85
11 55 75
19 97 98
65 82 61
78 2 57
8 9 88
54 78 87
63 31 12
3 29 78
57 14 82
96 95 29
3 65 98
98 31 16
30 84 23
38 7 10
26 18 60
97 77 18
48 78 52
36 61 24
50 62 68
39 52 57
67 44 19
44 11 36
82 78 21
86 89 16
36 4 5
87 59 37
34 4 40
39 80 81
91 40 10
45 59 90
81 87 99
39 86 48
46 71 64
17 58 32
86 49 59
52 44 47
10 73 7
46 1 49
45 82 79
63 85 3
65 67 88
47 22 79
29 16 6
90 48 5
56 51 62
42 20 72
45 92 32
6 86 14
98 46 55
19 25 37
58 11 41
3 76 19
61 25 4
61 82 54
73 2 89
56 45 60
99 71 84
27 21 27
25 32 83
99 56 43
6 79 54
11 80 63
86 34 25
83 83 94
8 18 66
4 59 21
64 51 12
90 38 88
34 79 72
31 32 34
43 53 87
80 56 51
4 51 23
82 72 64
12 76 73
6 33 89
64 89 10
19 52 21
80 51 7
93 70 18
66 85 88
88 56 46
83 92 5
86 38 32
7 4 1
45 93 32
56 72 54
47 39 8
54 15 64
34 42 33
16 6 61
10 96 64
21 3 82
54 24 93
4 76 41
50 85 92
30 74 93
33 23 86
4 58 49
10 80 62
18 59 65
7 28 7
28 25 72
97 29 64
96 8 10
81 3 21
67 48 93
85 89 35
91 5 72
30 7 94
24 13 30
85 19 9
92 89 85
60 34 39
98 47 48
62 17 4
36 51 17
88 95 2
20 96 34
54 65 70
56 79 16
76 58 20
19 28 35
69 25 12
63 5 61
41 83 4
7 97 98
63 39 52
42 11 71
16 2 6
58 33 46
1 75 22
61 12 18
84 1 4
88 87 100
99 29 24
79 6 10
71 88 3
63 47 100
20 71 17
57 19 70
51 27 82
4 62 66
54 90 85
12 35 70
57 33 59
57 25 75
34 45 39
3 56 74
36 29 32
98 32 71
48 75 66
48 26 95
11 62 56
12 28 19
98 9 76
40 28 55
27 58 59
63 28 30
22 19 75
10 74 4
35 42 48
69 9 84
16 29 23
61 13 42
91 46 52
1 76 46
62 42 71
46 27 53
14 55 4
37 52 32
58 5 72
38 40 29
78 58 26
47 49 67
67 51 63
26 36 7
49 80 94
8 49 31
9 60 16
84 44 94
10 72 50
96 91 58
44 81 11
14 20 44
37 25 89
73 19 16
53 71 87
10 91 50
1 4 91
11 91 60
65 63 32
35 77 54
2 8 91
68 74 31
25 95 73
99 37 25
33 77 8
83 10 62
15 31 34
93 25 20
96 72 97
44 40 33
85 36 68
95 18 59
97 78 7
86 15 63
38 87 74
96 19 31
19 54 73
32 5 88
79 59 27
73 22 43
72 41 6
9 61 19
68 13 8
60 64 31
71 46 82
53 12 99
43 25 60
55 83 96
58 88 28
18 90 73
63 62 18
74 21 58
84 31 97
31 87 42
16 70 74
11 25 72
34 47 71
50 76 61
7 54 6
52 36 10
79 79 17
83 37 60
32 7 38
53 96 71
41 42 27
7 49 84
77 40 26
44 67 82
5 38 11
75 96 87
45 53 98
51 87 54
60 80 50
10 49 16
81 93 84
18 55 48
43 12 72
93 99 97
82 92 2
90 72 49
69 92 73
31 30 34
25 56 3
87 51 27
69 87 94
86 98 11
40 79 60
44 93 39
26 31 96
12 63 75
53 80 2
6 75 10
25 88 98
79 48 35
59 4 94
44 70 74
96 57 21
36 62 42
59 78 37
66 14 47
95 51 8
61 89 91
83 6 86
65 13 40
25 7 41
71 51 25
35 20 53
12 47 15
9 35 100
60 87 48
72 76 63
81 51 70
42 87 38
99 81 88
43 17 7
6 78 3
30 2 31
68 99 67
51 38 52
91 78 79
83 38 97
67 95 93
44 20 95
85 26 19
67 36 2
18 1 68
42 76 71
6 58 61
22 86 7
33 75 91
83 9 53
36 15 30
20 91 12
95 96 80
4 1 15
47 52 61
90 93 65
8 13 30
71 94 29
16 26 63
51 98 39
8 31 45
40 24 89
57 24 47
6 93 21
97 41 3
57 96 29
10 45 85
70 2 54
64 54 5
3 36 79
27 42 76
58 34 20
14 83 44
3 91 36
75 69 7
41 97 19
39 37 3
57 61 26
58 19 43
28 38 90
11 72 60
55 71 100
55 54 23
42 10 75
71 43 4
91 15 92
49 1 100
22 33 38
20 10 58
32 10 21
66 38 84
92 40 82
94 66 67
74 66 89
82 67 69
98 81 47
98 13 68
37 19 15
38 83 39
32 43 85
98 60 41
86 88 70
29 96 15
7 41 89
93 69 59
34 63 91
66 54 8
61 51 34
57 73 5
7 34 86
90 4 60
54 71 60
95 95 12
1 18 92
4 90 75
63 68 9
60 2 52
23 44 79
39 56 77
65 5 17
47 96 98
75 6 92
7 56 99
63 77 95
52 31 87
25 80 77
30 97 61
92 88 5
95 38 94
26 84 93
25 48 97
58 65 92
87 69 47
16 33 80
11 22 29
55 94 27
67 65 10
76 6 88
1 47 71
46 24 69
5 84 69
56 3 78
54 56 54
22 95 57
89 44 5
96 47 2
84 47 77
44 95 79
17 97 99
4 41 8
31 68 91
47 79 58
23 20 15
53 53 54
73 94 29
24 56 100
29 93 88
86 58 27
20 16 12
27 80 84
36 55 42
65 75 25
99 48 6
18 99 38
83 89 63
25 47 32
28 84 68
40 98 22
52 58 70
97 87 33
60 35 11
34 11 74
91 29 10
21 27 3
37 1 12
92 25 3
3 83 96
35 13 43
35 59 48
77 94 91
39 44 28
88 48 66
2 26 76
84 90 84
99 78 66
50 70 91
28 15 70
24 45 10
95 66 62
66 78 30
78 55 61
82 23 2
20 41 89
27 38 26
83 16 72
10 34 82
22 28 18
46 72 20
51 88 34
75 58 70
40 31 77
79 97 36
63 30 82
61 46 28
41 62 61
46 96 90
23 13 76
58 66 58
1000
82 54 57
35 46 46
25 17 64
6 46 85
34 54 50
20 2 17
88 61 20
81 10 34
12 7 80
96 68 26
84 96 91
24 57 48
79 54 4
30 26 10
70 91 54
8 45 43
35 62 35
30 6 77
33 44 2
53 30 4
79 56 8
97 32 77
24 87 18
48 64 69
98 94 45
82 83 58
76 73 10
81 44 88
99 62 11
60 52 87
61 63 49
74 19 85
55 35 23
22 69 50
2 86 30
40 17 33
32 93 71
1 56 9
14 54 100
43 18 37
51 86 89
44 40 7
9 8 100
40 39 81
99 5 4
47 44 75
28 47 59
40 79 99
70 94 13
6 30 67
23 62 38
24 64 79
12 50 93
22 62 24
95 38 4
33 53 56
4 24 99
54 55 25
8 20 86
98 53 61
81 89 23
83 82 41
37 7 34
61 24 100
63 30 98
98 49 17
62 19 86
53 50 71
59 24 67
53 67 67
28 1 10
72 39 55
48 12 79
35 3 91
89 34 36
88 71 71
47 49 74
34 10 74
85 36 97
61 70 7
57 80 29
75 49 49
2 72 86
34 80 36
78 32 41
92 85 60
58 16 49
17 25 43
94 6 58
84 98 44
27 72 32
12 56 79
68 35 68
45 70 46
93 85 27
43 90 82
72 88 72
4 56 7
76 92 49
95 40 73
91 5 86
78 50 61
23 33 79
85 37 36
85 6 79
83 3 18
70 85 5
7 58 13
90 4 51
22 32 84
74 1 66
78 53 29
72 53 93
17 21 42
43 45 14
10 86 12
56 68 95
17 74 14
73 3 86
5 84 14
33 5 2
48 1 86
44 21 83
70 68 36
99 58 5
80 92 26
97 63 27
81 78 65
9 84 15
19 70 39
53 10 7
98 97 36
64 37 22
53 17 9
87 48 27
98 13 25
32 21 86
6 23 88
45 74 31
59 80 75
50 18 99
35 95 50
47 57 78
51 11 54
57 62 36
81 97 38
27 83 10
75 74 63
32 65 47
12 45 13
88 62 98
59 83 94
52 4 91
50 44 75
58 31 54
33 16 100
25 87 75
76 28 62
10 57 99
22 21 61
12 70 19
8 6 62
19 43 74
1 15 68
33 66 88
69 69 84
62 76 13
4 77 44
45 16 59
77 36 20
55 65 12
80 81 15
5 75 14
12 25 75
98 82 72
14 93 53
3 67 36
19 53 54
25 33 55
12 77 10
13 80 60
46 3 52
24 49 77
11 60 90
6 56 28
58 51 90
5 60 94
10 38 30
6 78 45
56 62 39
44 93 10
81 57 37
6 99 49
20 65 6
10 65 27
15 95 66
72 24 48
20 91 48
88 36 68
99 22 99
27 68 42
81 60 86
77 15 78
68 82 53
59 37 73
2 64 66
87 37 93
80 33 93
74 3 35
11 82 10
56 37 4
94 1 97
95 12 53
41 8 24
77 69 50
63 10 29
23 34 6
57 68 56
96 16 14
61 99 88
10 14 80
19 99 33
65 96 90
17 73 49
61 31 29
52 39 27
6 25 21
82 77 63
43 58 21
70 30 80
73 93 28
42 12 86
40 48 53
18 60 31
79 61 89
95 22 77
3 93 56
88 91 16
76 67 70
53 98 50
92 57 78
67 64 32
71 43 93
71 49 5
20 7 88
17 39 94
78 8 67
80 47 33
89 44 20
14 60 14
26 52 40
37 25 76
51 91 16
80 83 67
79 59 76
56 82 54
37 96 88
35 69 49
10 70 80
28 44 47
62 46 96
51 90 83
11 54 39
98 52 47
25 82 68
60 42 61
55 6 77
10 50 95
44 28 65
74 60 58
54 26 45
40 68 10
30 15 10
43 17 59
58 59 7
78 58 12
51 69 45
63 85 41
97 20 64
31 60 43
19 38 18
43 35 68
88 31 67
45 30 8
11 32 49
69 85 60
20 3 36
44 49 67
31 85 81
16 28 100
77 94 12
37 58 90
4 84 80
53 22 91
55 88 80
18 94 2
31 74 19
39 17 47
46 95 98
54 85 86
2 85 58
97 57 17
94 33 10
52 66 62
74 44 40
88 42 9
86 13 91
89 68 7
45 81 25
50 58 78
44 48 2
21 76 43
98 95 54
24 58 14
12 76 100
5 79 55
36 31 31
34 4 94
2 70 43
8 14 31
61 16 85
72 62 36
36 73 82
33 32 59
78 66 23
1 82 61
37 28 47
7 13 18
85 72 100
86 98 20
30 7 63
68 67 36
75 34 44
42 36 69
55 95 38
22 56 93
96 6 49
28 9 7
5 11 58
34 52 66
14 95 72
44 54 13
28 81 49
16 75 6
87 10 53
49 95 22
35 39 17
31 41 84
87 26 68
55 3 52
22 68 58
5 57 75
48 54 40
40 23 43
80 17 41
47 93 42
69 26 97
19 75 39
37 78 26
91 81 67
14 56 27
16 67 13
47 95 83
92 38 5
51 34 89
90 43 25
67 85 57
34 61 3
33 93 31
32 82 13
45 18 82
77 26 29
36 49 6
2 14 92
56 89 15
39 98 60
96 53 14
48 10 100
42 23 41
17 55 51
9 97 87
42 46 84
47 76 30
34 33 7
75 33 30
11 49 4
62 79 18
42 80 39
33 88 68
18 64 30
67 43 44
45 77 4
37 48 55
85 53 3
7 93 36
18 31 63
63 14 1
19 63 97
55 12 59
15 8 22
9 30 20
18 78 11
36 96 63
99 10 95
19 34 56
97 72 37
68 30 84
65 72 75
27 24 89
84 54 18
63 50 25
19 21 73
64 84 2
51 42 20
95 39 17
11 38 19
25 88 6
84 71 78
26 67 91
6 5 27
43 36 25
99 28 54
30 2 82
33 55 68
47 26 41
48 98 70
82 31 38
22 27 33
52 23 98
52 41 68
6 60 2
23 64 38
90 95 88
29 86 96
93 97 50
89 11 63
46 48 87
54 82 74
24 76 12
74 96 94
74 23 42
16 98 79
17 48 79
42 32 52
24 82 68
33 89 72
65 43 52
31 80 29
86 99 53
57 63 77
13 19 47
69 44 20
50 77 60
34 26 3
16 87 52
35 47 3
7 25 80
57 56 13
84 78 48
8 67 87
49 13 57
20 55 20
84 68 63
60 68 76
69 49 61
2 93 45
61 61 7
4 83 16
54 40 31
52 94 44
88 55 97
23 2 60
44 55 30
92 2 29
6 63 56
42 11 66
31 51 50
60 65 23
56 25 72
4 85 34
72 6 95
24 3 81
27 74 46
10 5 46
96 3 2
77 14 72
63 44 60
76 62 27
79 49 24
13 82 9
75 99 82
84 75 57
36 97 20
60 19 16
72 58 21
94 94 74
80 70 58
7 52 31
62 61 39
9 19 13
83 68 25
87 49 62
51 50 3
3 99 79
13 81 95
91 11 100
51 24 95
58 52 42
47 92 66
19 59 63
24 15 44
92 5 56
65 19 39
60 79 15
54 29 57
89 87 99
43 74 24
92 35 80
54 14 42
42 33 1
51 85 22
3 4 55
99 41 59
93 41 93
10 90 100
61 79 45
44 6 89
93 82 1
1 44 76
98 62 56
6 40 12
17 77 75
42 92 33
1 43 15
24 53 91
2 1 2
56 4 64
40 2 22
11 80 11
40 93 39
58 53 81
94 32 37
97 95 15
80 58 88
18 55 31
31 76 22
86 90 86
35 41 37
67 93 93
5 90 78
57 87 18
97 65 81
12 37 44
38 24 2
17 33 25
54 24 48
64 5 24
96 8 5
39 39 32
73 8 93
92 53 13
15 99 68
86 79 17
12 67 59
68 17 100
84 29 38
20 69 29
21 5 49
16 36 56
20 35 9
53 5 14
37 50 55
90 76 33
11 27 57
59 15 35
71 79 90
78 61 8
23 25 84
65 29 62
33 57 22
54 76 56
80 69 73
3 27 12
75 50 77
80 14 73
74 66 43
31 29 39
17 41 72
44 29 99
45 63 67
22 58 61
18 14 64
86 51 23
74 4 14
40 10 89
48 21 19
71 56 87
27 30 81
25 78 78
6 71 61
57 70 51
60 91 48
72 85 4
68 69 36
3 87 90
94 81 27
86 21 3
22 19 53
61 54 45
63 3 75
17 26 22
76 81 81
78 9 65
75 77 11
22 34 68
37 4 80
43 56 24
32 40 39
69 84 69
75 38 22
94 42 58
78 15 56
20 82 92
75 73 65
59 5 22
66 32 50
49 99 98
60 2 40
85 51 48
34 82 85
1 48 99
6 33 9
37 89 82
29 10 73
38 2 23
23 68 52
57 18 39
59 42 44
36 45 54
46 16 35
89 50 20
54 12 70
71 86 84
73 91 36
23 31 22
38 60 46
26 40 10
45 90 62
52 86 20
81 56 13
65 44 90
50 46 36
39 59 26
51 67 73
3 86 61
60 70 13
38 41 68
85 69 46
9 90 27
21 62 33
39 26 57
53 83 71
95 98 98
23 82 54
27 44 74
30 79 83
83 48 11
24 75 38
77 7 94
65 91 85
85 1 75
55 39 54
32 12 74
66 95 70
77 25 31
84 91 56
2 51 56
31 59 68
23 35 64
70 32 20
20 23 41
41 95 62
29 32 86
23 19 21
23 14 74
59 33 80
42 19 70
23 5 36
47 78 81
68 61 60
36 41 55
22 43 82
47 32 44
20 93 79
96 81 87
83 60 6
25 48 76
96 61 68
28 7 89
29 79 90
41 11 63
78 71 1
55 11 46
28 24 62
17 66 79
28 29 33
10 60 75
38 65 53
52 11 15
82 97 63
41 26 52
9 95 17
9 13 91
15 92 72
26 77 76
89 93 41
88 43 95
90 77 66
65 78 62
45 22 89
76 57 33
92 6 16
14 55 66
60 8 40
33 24 2
39 93 28
35 53 4
89 28 42
25 77 77
86 73 77
41 62 82
95 73 56
61 96 19
23 27 94
16 7 60
57 38 27
68 28 83
99 6 36
88 83 40
77 64 65
60 27 86
1 60 8
44 47 14
64 54 34
64 57 99
3 42 78
82 17 55
80 87 2
27 99 37
49 14 22
28 5 96
10 71 3
50 14 65
73 71 48
73 60 93
89 6 95
1 52 29
97 80 66
69 72 5
48 14 52
18 80 95
68 51 54
41 33 90
53 70 17
13 27 38
74 9 56
98 8 39
24 63 63
77 28 53
58 48 75
91 90 49
71 65 44
39 54 9
23 4 32
81 31 61
53 4 34
63 52 90
57 65 62
99 19 13
14 52 31
12 99 41
96 2 88
18 18 23
64 33 70
95 18 69
61 32 69
43 30 70
80 1 65
35 23 97
29 54 69
75 2 71
11 15 38
30 52 23
2 27 47
39 40 22
18 92 93
36 77 63
94 45 55
79 46 47
33 4 72
89 43 44
31 86 43
51 35 89
94 41 92
66 4 81
75 35 9
25 25 73
43 57 78
17 88 6
46 70 39
85 46 15
70 46 63
40 40 88
46 21 47
37 30 51
56 1 17
26 87 39
67 36 96
58 76 62
94 72 15
99 72 93
41 39 99
55 7 47
74 84 28
4 59 46
71 24 16
55 22 50
97 75 43
20 40 59
17 52 75
27 63 60
54 48 3
67 22 67
38 78 55
27 9 58
16 24 87
65 51 20
44 59 7
9 3 81
15 80 35
73 25 33
48 84 55
64 12 12
69 16 69
6 90 34
19 18 40
33 48 69
58 19 92
53 77 43
72 30 88
23 73 55
95 67 83
8 78 55
71 21 52
34 3 69
95 25 24
89 70 10
71 53 17
76 43 70
4 7 71
66 19 67
31 82 54
15 18 67
49 65 30
6 14 5
50 89 37
38 50 9
80 46 10
20 58 12
48 33 100
97 5 49
33 52 1
75 18 33
4 76 30
71 61 92
92 87 95
24 52 72
21 32 36
38 86 44
9 11 40
88 78 54
89 47 66
20 63 47
46 89 50
42 47 44
73 14 75
20 31 42
40 96 44
12 21 27
58 32 29
88 25 20
37 40 49
41 74 100
76 41 47
12 91 17
49 87 52
57 27 93
70 10 49
82 93 21
93 74 9
94 15 72
60 98 55
69 32 3
62 52 67
79 80 5
31 42 42
22 74 3
2 31 94
86 65 71
28 10 38
18 27 59
42 97 57
70 25 55
9 31 46
89 49 93
85 75 83
51 51 95
99 69 63
12 63 59
6 27 43
26 9 90
51 25 37
43 96 28
92 34 75
93 17 23
62 87 54
36 90 9
25 13 98
29 55 79
29 64 65
43 23 72
81 82 94
71 83 8
70 73 53
52 15 85
1 55 96
23 83 98
76 79 60
76 31 52
86 7 42
24 55 3
22 9 95
11 55 51
58 92 82
86 18 41
57 49 88
36 13 93
9 75 20
21 80 41
17 92 51
62 10 97
27 85 93
78 34 5
40 11 77
48 3 74
39 52 69
61 93 17
5 44 87
1 72 27
93 16 79
40 95 79
88 27 88
32 70 68
2 91 45
18 37 11
75 76 76
58 60 96
45 84 63
63 49 77
15 44 24
23 7 26
50 30 14
88 20 84
17 75 70
40 61 65
84 77 7
7 66 30
77 95 96
93 28 75
1 77 59
34 85 87
86 93 39
23 43 35
89 35 94
93 8 28
89 58 4
20 9 98
20 90 65
53 24 32
91 87 24
69 33 70
34 66 82
34 50 87
75 24 100
85 42 80
70 50 12
71 72 28
81 63 32
11 14 79
92 39 54
0
