100
2 3 2
1 1 1
2 1 2
3 2 3
1 95 1
14 8 14
3 4 3
80 8 80
4 3 4
74 1 74
21 11 21
3 1 3
4 4 4
10 18 10
61 4 61
51 10 51
8 3 8
69 3 69
59 6 59
100 1 100
54 7 54
1 60 1
25 12 25
22 2 22
15 9 15
19 3 19
37 5 37
50 10 50
8 9 8
26 6 26
100 4 100
4 2 4
39 2 39
59 2 59
68 3 68
27 5 27
13 15 13
93 8 93
16 12 16
61 5 61
14 7 14
45 7 45
1 97 1
67 2 67
75 6 75
3 35 3
54 3 54
1 2 1
60 9 60
1 62 1
28 7 28
84 9 84
4 29 4
74 3 74
1 70 1
72 3 72
23 11 23
3 3 3
100 9 100
1 100 1
7 1 7
3 37 3
90 7 90
7 17 7
2 44 2
79 2 79
1 58 1
2 2 2
19 7 19
23 6 23
2 39 2
62 2 62
1 3 1
28 3 28
6 1 6
5 16 5
2 4 2
81 9 81
4 1 4
25 1 25
100 2 100
41 11 41
95 9 95
1 13 1
12 10 12
3 31 3
31 12 31
26 5 26
100 3 100
95 2 95
84 1 84
1 48 1
2 59 2
91 1 91
88 7 88
10 5 10
1 4 1
75 4 75
24 6 24
81 5 81
