100
4
10 5 15 5
2
100 100
8
81 81 81 81 81 81 81 0
6
23 90 40 0 100 9
2
0 0
10
100 0 100 0 100 0 100 0 100 0
10
100 100 100 100 100 100 100 100 100 0
5
39 14 31 67 26
6
32 26 22 22 67 51
7
2 79 38 19 48 90 85
8
2 1 88 81 85 15 61 43
9
53 19 23 53 51 66 95 5 59
10
90 82 59 66 69 55 94 55 67 92
10
97 27 1 66 92 3 28 5 82 8
10
61 11 80 54 83 98 80 12 96 80
10
92 72 68 45 22 38 2 50 16 13
10
87 93 38 13 52 6 31 70 96 84
10
25 67 68 79 55 24 86 28 47 74
10
30 4 92 57 34 60 44 96 92 76
10
61 85 38 1 76 26 95 95 1 55
10
91 80 86 74 90 69 21 90 86 39
10
53 91 74 27 70 72 37 40 63 55
10
17 0 62 96 13 23 92 34 95 61
10
1 39 53 56 44 78 28 49 82 64
10
39 0 30 50 49 16 91 17 4 23
10
24 72 7 5 24 9 4 87 73 24
10
27 5 95 70 1 13 48 14 16 56
10
10 1 47 46 18 34 96 96 36 78
10
91 11 45 10 36 39 99 79 82 74
10
64 64 88 47 77 8 32 37 1 14
10
61 93 26 73 24 26 3 30 32 52
10
39 53 12 64 34 30 2 47 93 37
10
56 40 54 76 1 34 57 69 68 90
10
38 57 48 59 63 23 62 26 39 25
10
36 59 53 26 56 71 42 11 85 99
10
50 23 90 42 19 39 65 86 38 45
10
45 60 25 87 65 7 96 45 16 19
10
75 71 20 1 18 26 63 91 28 6
10
76 92 86 28 43 1 5 93 53 67
10
42 16 45 20 64 91 22 20 70 30
10
98 96 48 87 77 19 85 18 35 44
10
51 33 16 67 52 68 72 25 22 60
10
26 60 23 87 29 70 74 20 95 5
10
44 88 33 58 14 68 99 62 71 90
10
87 92 20 4 30 9 13 69 58 95
10
61 38 88 6 38 42 37 66 86 76
10
41 84 53 17 66 0 96 82 32 88
10
72 41 0 30 43 71 41 26 23 71
10
90 7 28 68 57 18 69 92 59 39
10
79 3 52 97 22 56 56 0 77 55
10
27 30 91 72 11 14 72 11 69 0
10
90 47 98 57 30 31 52 15 75 33
10
5 77 93 69 15 28 33 71 72 51
10
27 22 4 26 94 32 68 46 5 17
10
18 44 79 14 6 84 57 37 69 33
10
90 10 80 94 54 51 33 60 52 70
10
64 73 59 95 76 92 39 32 66 82
10
10 88 26 0 91 79 38 8 74 88
10
56 50 86 95 36 51 12 7 54 87
10
71 35 22 8 87 99 24 37 80 32
10
60 43 57 42 83 43 94 89 2 78
10
75 22 79 67 35 45 13 98 61 40
10
11 37 53 89 55 57 10 10 91 65
10
91 12 60 70 56 89 94 67 62 87
10
41 83 25 17 93 62 57 69 98 45
10
85 47 21 41 26 40 53 72 46 20
10
68 71 81 37 21 97 77 63 72 60
10
78 23 72 74 52 46 42 12 4 89
10
23 29 93 67 90 96 73 66 50 74
10
74 78 0 40 43 42 66 61 96 48
10
42 15 9 98 67 72 77 15 11 36
10
17 72 30 20 78 88 18 74 62 84
10
44 63 98 80 86 45 17 80 77 48
10
33 55 83 35 92 73 10 64 80 50
10
1 76 91 1 47 34 91 57 34 73
10
80 6 69 23 72 77 1 1 91 38
10
37 34 77 81 5 20 10 61 49 47
10
66 82 14 59 53 40 9 89 34 41
10
90 24 77 77 76 46 83 61 87 44
10
25 62 45 50 74 38 98 29 14 23
10
25 1 78 22 18 6 34 86 12 54
10
21 95 39 39 87 18 54 11 76 31
10
65 92 6 79 51 43 49 71 51 48
10
9 66 45 9 8 6 8 78 83 44
10
88 10 13 90 38 61 65 30 32 21
10
58 23 56 0 20 42 70 12 75 19
10
13 31 48 28 75 48 85 14 56 19
10
59 33 97 8 9 26 98 45 97 42
10
35 20 64 71 70 15 46 27 8 59
10
9 50 31 11 68 35 15 19 73 51
10
58 20 73 75 50 13 84 17 83 20
10
41 38 66 44 65 9 21 85 15 21
10
34 32 28 88 95 67 30 34 32 7
10
0 47 54 77 40 49 80 12 7 77
10
75 35 36 40 49 11 52 41 57 95
10
39 60 61 65 92 79 67 40 19 63
10
60 22 65 92 65 91 86 41 2 91
10
48 14 7 91 60 25 69 95 96 49
10
16 82 15 80 16 10 27 55 80 4
10
2 57 38 49 56 4 0 81 62 62
