100
2 4
10 5
3 12
7 7 7
3 12
4 2 1
5 1000000000
25 25 25 25 25
2 2
1 1
5 5
1 1 1 1 1
5 448257424
1 2 3 4 5
5 915742169
18 7 21 11 25
5 155186828
19 19 19 19 19
5 301708996
18 18 18 18 18
5 40845752
23 23 23 23 23
5 976590456
16 16 16 16 16
5 152550670
25 25 25 25 25
5 478642409
6 6 6 6 6
5 657964236
1 1 1 1 1
5 448754417
4 4 4 4 4
5 542961619
17 17 17 17 17
5 939057056
15 15 15 15 15
5 606751683
20 20 20 20 20
5 623480190
19 19 19 19 19
5 774738495
11 11 11 11 11
5 498419924
3 3 3 3 3
5 875202711
20 20 20 20 20
5 997387669
22 22 22 22 22
5 524820591
25 25 25 25 25
5 33840444
14 14 14 14 14
5 598146283
19 19 19 19 19
5 862367739
2 2 2 2 2
5 476902470
8 8 8 8 8
5 784953015
2 2 2 2 2
5 828999145
7 7 7 7 7
5 70822351
18 18 18 18 18
5 293151464
15 15 15 15 15
5 739019838
1 2 3 4 5
5 108540531
1 2 3 4 5
5 590346711
1 2 3 4 5
5 782306257
1 2 3 4 5
5 631598986
1 2 3 4 5
5 320593199
1 2 3 4 5
5 898113340
1 2 3 4 5
5 788690888
1 2 3 4 5
5 657300152
1 2 3 4 5
5 487041063
1 2 3 4 5
5 680380275
1 2 3 4 5
5 709745913
1 2 3 4 5
5 427477540
1 2 3 4 5
5 715717937
1 2 3 4 5
5 809308383
1 2 3 4 5
5 924932311
1 2 3 4 5
5 75299303
1 2 3 4 5
5 810560399
1 2 3 4 5
5 432468834
1 2 3 4 5
5 949396542
1 2 3 4 5
5 656650418
1 2 3 4 5
5 132638456
1 2 3 4 5
5 406016487
1 2 3 4 5
5 606064111
1 2 3 4 5
5 450357174
1 2 3 4 5
5 34683755
18 20 7 21 11
5 338287859
20 17 14 20 7
5 472349469
17 5 20 3 23
5 57050228
25 10 22 17 16
5 292470079
21 3 18 11 9
5 65164735
19 22 9 12 23
5 516376316
6 20 9 9 2
5 192318010
17 22 7 24 17
5 390204532
17 15 5 2 21
5 75515698
4 23 21 7 2
5 640682261
22 3 24 7 14
5 275111753
9 5 15 24 10
5 63610010
24 16 20 3 17
5 597441386
2 3 7 18 5
5 916548458
4 19 3 19 21
5 668821028
13 13 18 24 22
5 434286633
5 11 24 6 24
5 721266723
10 10 21 11 11
5 611303498
17 14 8 25 7
5 650975825
7 20 22 1 17
5 842480844
10 14 23 23 11
5 331337637
3 5 5 9 15
5 463805110
10 9 8 22 1
5 50494523
19 15 20 15 5
5 383113802
21 22 8 12 21
5 388941110
6 9 14 25 17
5 460927756
6 23 8 16 3
5 400391534
18 23 24 16 24
5 858765100
10 12 22 13 9
5 293297957
12 24 4 21 8
5 679076560
23 5 24 22 11
5 95975529
21 16 3 13 18
5 933941045
23 7 16 13 7
5 283228779
18 21 2 22 6
5 254824683
5 4 23 16 18
5 111539836
2 24 3 13 13
5 236925249
12 18 22 21 8
5 827456628
11 2 24 20 20
5 404277117
19 23 21 9 7
5 889501768
22 15 19 16 8
5 462585047
8 9 18 5 24
5 532479131
11 2 25 17 4
