100
2 4
10 5
3 12
7 7 7
3 12
4 2 1
5 1000000000
25 25 25 25 25
2 2
1 1
5 5
1 1 1 1 1
5 448257424
1 2 3 4 5
5 915742169
18 7 21 11 25
5 350873751
8 8 8 8 8
5 747838043
16 16 16 16 16
5 844622137
23 23 23 23 23
5 695330774
7 7 7 7 7
5 752452189
20 20 20 20 20
5 470376151
9 9 9 9 9
5 627353458
13 13 13 13 13
5 628073620
19 19 19 19 19
5 271513567
16 16 16 16 16
5 762859933
10 10 10 10 10
5 846189077
4 4 4 4 4
5 137239353
19 19 19 19 19
5 884628659
16 16 16 16 16
5 783526083
18 18 18 18 18
5 624747487
11 11 11 11 11
5 176092953
24 24 24 24 24
5 511870165
4 4 4 4 4
5 357195506
10 10 10 10 10
5 369633537
19 19 19 19 19
5 84551661
6 6 6 6 6
5 574021868
6 6 6 6 6
5 73103776
7 7 7 7 7
5 994312285
12 12 12 12 12
5 253286098
19 19 19 19 19
5 485499229
2 2 2 2 2
5 330903876
1 2 3 4 5
5 488491979
1 2 3 4 5
5 240439427
1 2 3 4 5
5 91069497
1 2 3 4 5
5 57881115
1 2 3 4 5
5 30456589
1 2 3 4 5
5 983678039
1 2 3 4 5
5 931176119
1 2 3 4 5
5 695474204
1 2 3 4 5
5 445829630
1 2 3 4 5
5 922173210
1 2 3 4 5
5 220787740
1 2 3 4 5
5 645366295
1 2 3 4 5
5 728469006
1 2 3 4 5
5 333197211
1 2 3 4 5
5 120050753
1 2 3 4 5
5 293097906
1 2 3 4 5
5 949719421
1 2 3 4 5
5 875654236
1 2 3 4 5
5 968489315
1 2 3 4 5
5 585240356
1 2 3 4 5
5 296828623
1 2 3 4 5
5 796550971
1 2 3 4 5
5 73202508
1 2 3 4 5
5 910083822
1 2 3 4 5
5 314433928
1 22 5 5 5
5 865066147
12 3 25 20 18
5 59085019
23 21 3 8 13
5 458435276
23 21 21 4 14
5 366721464
12 8 24 3 17
5 765894919
5 22 3 22 8
5 165739857
21 13 17 25 25
5 820895172
7 25 4 11 22
5 494605628
13 3 12 10 25
5 80874419
4 6 18 11 8
5 918810438
9 12 23 5 14
5 680548266
23 14 5 11 4
5 218726388
23 13 24 12 19
5 275901576
21 12 12 3 23
5 645009975
7 2 11 13 2
5 177921522
21 8 7 6 21
5 249928052
18 16 23 17 2
5 910248730
13 25 8 19 14
5 336410722
6 6 15 20 8
5 264175571
23 5 5 25 15
5 829985050
6 24 3 5 13
5 9827755
25 13 18 23 25
5 334513542
6 15 19 21 9
5 268824459
22 9 11 4 15
5 510521074
4 16 20 17 19
5 675672803
21 2 24 2 15
5 436000323
10 2 10 8 1
5 111776402
16 12 16 15 23
5 677454474
17 6 1 8 19
5 759962315
7 13 23 23 25
5 646788083
7 21 14 13 11
5 483028605
24 18 18 18 9
5 203452500
10 21 15 17 20
5 415733313
15 24 9 14 8
5 757021219
14 20 17 3 25
5 109800310
16 20 7 24 16
5 407448823
18 15 19 23 10
5 810278563
15 20 8 19 9
5 228312093
8 18 15 23 1
5 934970419
3 20 9 6 12
5 168281188
22 9 22 21 22
5 320036758
16 10 18 22 12
