100
5
0 0
10 0
10 10
0 10
5 5
2
-208439 98025
-267450 138709
3
298215 674661
589031 785951
-189476 -424333
7
-493745 -294154
94619 -1000000
121268 -1000000
-833937 -1000000
434635 -1000000
-442871 -1000000
-195004 -1000000
4
-842472 291076
-971384 291076
-12248 812324
-718595 460600
2
850997 -1000000
153175 -1000000
15
693175 748329
252859 646956
-120158 -571824
-895872 -216427
-735873 120701
229368 -447433
-373499 829308
-678388 -535711
-5015 -271873
907599 17298
-143836 454004
773475 -147977
-676351 -547476
-666335 615988
137832 -20200
11
-164586 405855
712178 991867
-749561 991867
-296267 991867
793577 -659547
-370539 -817600
-952301 -849352
-654429 991867
750786 991867
228573 516373
-85836 991867
8
-578584 -1000000
-50743 -1000000
-960568 -582033
-836185 -1000000
486809 -1000000
396198 -474085
-51608 -1000000
-852810 -1000000
15
-107775 -320622
153496 -95275
205037 -733538
-896705 652238
840701 -489856
841533 528795
-39838 393347
829763 -554810
678310 388038
-356707 217703
-369840 473129
-914366 -151987
615113 921916
799577 458986
614934 -501701
8
-35501 -284008
58897 471176
59652 477216
941 7528
21854 174832
19964 409372
43418 347344
-6368 -50944
2
779097 -474182
-385899 -28420
15
-781764 -378030
-522167 101618
-470147 -76147
-566010 212674
-884097 -609088
648006 -54342
-397194 135632
745228 783392
162107 -55502
-953351 683212
-964758 239048
866918 710485
930237 -148809
-979756 -930396
-23653 605663
8
-564091 -394207
373982 -394207
-712780 -394207
561266 -394207
-311360 -394207
98152 -394207
74669 -394207
50309 -394207
8
1000000 -746354
-522324 208623
-65802 706365
1000000 -790122
1000000 323934
-482953 965848
1000000 675217
-576284 -200396
10
479507 -653095
165268 -703137
-373371 -823846
822726 477709
-700682 958646
-715192 691552
-306611 -873250
-909647 -989197
-338068 270006
-85431 -821197
9
679536 -226512
517518 -172506
-749448 249816
-184572 61524
430188 -143396
419082 -139694
-632142 210714
657948 -219316
258672 -86224
1
-583300 -583300
1
-658855 436238
6
96687 722017
232720 -29090
997728 -124716
-122386 231929
95224 -11903
-309520 38690
4
690639 374249
786088 754191
457392 10439
886059 -767908
8
-98865 1000000
-412831 1000000
-554963 1000000
-234342 386393
-108539 1000000
587687 1000000
83429 1000000
666768 1000000
9
1000000 109033
1000000 899027
1000000 522028
1000000 706233
1000000 686870
1000000 -467922
1000000 805735
1000000 -346565
1000000 -432841
9
-87312 511185
778103 969710
-207503 -603674
839093 212752
429458 -760586
206504 635024
360808 -863206
-779420 455175
-855885 347034
12
-120944 1000000
-697535 1000000
843995 1000000
568894 1000000
889483 1000000
146461 1000000
429966 1000000
-401862 1000000
953231 1000000
-778864 1000000
186310 1000000
673696 1000000
15
-573307 -968476
-298689 212953
-623883 886128
512691 99933
-478026 -371683
-768370 -839423
760864 445896
449262 842828
-100537 -768230
-762810 -981676
699975 832594
481948 379559
-721973 312983
60823 318740
830514 -978908
11
-96579 -534404
600514 -221774
-664220 -916510
357081 288119
737849 -172060
-97499 -240870
-448368 811759
-798487 -838081
884329 419858
-922005 946685
95930 775408
6
-367979 -53036
211424 639898
-634396 103575
143096 -727012
811439 701233
3474 -966096
15
661757 -457181
-811179 820649
-481055 641488
-874976 -192009
100750 399404
526320 339530
352533 49529
190527 -243324
488054 791395
378211 959412
-312019 720504
-236421 985644
-759491 -596198
232295 230
963416 -195418
2
-258593 -249784
-692301 683461
15
-680265 -864326
965880 -146867
330044 -630131
155337 997316
-371027 -670149
-745229 839022
220323 -774462
429122 -404136
-571754 -483468
150827 -666718
924035 291293
679183 572495
-358582 -481246
-46023 259249
289556 -367514
11
-555989 562735
2092 949921
772418 -451090
-922491 1053
-103651 424903
495900 -810145
628943 787454
-99805 582102
498034 722157
769562 -883034
-941053 700972
7
-998847 -604793
-170401 600357
-844119 600357
-222415 600357
-648348 600357
-857814 216024
585559 193522
12
927486 206108
-719352 -159856
-641025 -142450
672597 149466
-149742 -33276
734157 163146
-516447 -114766
-422568 -93904
-551988 -122664
221805 49290
834102 185356
-896814 -199292
1
-734505 -881406
9
380787 -126929
-675093 225031
381084 -127028
312081 -104027
715032 -238344
-814089 271363
-121548 40516
-759141 253047
-957549 319183
15
-354835 -108275
-83239 -119621
-25649 482241
-580472 904941
-565888 928315
205368 -578718
973401 -418935
231027 200787
-887582 2774
598646 702632
-34143 -298362
736427 208934
124591 368459
-443522 -476766
-104331 709220
4
36092 -396297
-502199 374241
-939856 -556622
-191542 374241
15
-21377 -786998
360136 -248064
-348244 628329
-334606 160649
-29175 114756
-738709 -142185
907374 -626150
-735498 568112
-166855 975114
-952430 -476235
-609760 -533417
-307646 65365
-706375 556032
-534653 -426781
-697693 -17904
7
638929 -615794
-749773 632744
235445 -615794
393968 -552534
829639 -615794
198900 -615794
163995 -615794
10
740481 -561900
-897657 842529
-763365 131832
813184 571257
-579474 122787
-110980 947133
-679010 911556
-36893 -149981
206383 -685794
418776 -556794
15
704282 -439199
-305186 -113270
206632 595191
741628 554074
304354 -527821
-945562 -864609
-639282 186680
74865 692925
517040 926413
-870558 -982389
268917 789297
885156 -152220
870715 670964
-872336 231272
-944393 630315
12
989069 451276
250260 -166840
-887315 717423
322221 -108554
766607 -10898
-80754 53836
611178 -407452
956552 414862
619359 -353450
-217746 145164
45640 439500
87162 -58108
4
230078 411842
230078 322305
230078 -984716
230078 -998069
15
115946 938255
-847352 328386
939521 -302754
-85780 823204
-585278 -586477
-236124 -737572
-104448 -60093
790459 571759
-786930 46256
449651 273002
-134719 125417
-911421 -140528
-695755 864652
-252500 -592246
-895547 -992412
7
278288 -69572
-363072 90768
-449800 112450
986400 -246600
-876504 219126
857352 -214338
-792184 198046
15
-293583 637616
-755336 382622
103561 661228
-485189 686454
740115 8147
-658209 -550940
102872 -136865
-559501 533063
-45969 -697976
-237945 140122
487243 248200
324540 806232
790730 -646348
-770705 -565424
-52402 -547041
3
-405791 -94462
234866 -94462
620179 -94462
2
-586585 -283287
-455987 -283287
9
204990 -528441
204990 -224548
204990 604187
204990 -987738
204990 103439
204990 362683
204990 454212
204990 92983
204990 978393
9
926347 -687524
136831 607528
-573084 532965
-968413 -636835
143794 644497
940709 -202954
-55530 -519241
-456233 -845033
832449 346004
11
76316 784710
971785 784710
102637 784710
748847 784710
-155217 784710
624214 784710
569916 784710
857546 784710
872347 784710
128459 784710
388195 784710
9
-492223 545651
249576 611662
311 797956
-99227 -391078
-16952 -96795
115994 -4867
-500353 141712
526725 624296
285509 -852076
11
-667185 939886
543808 -73007
944606 -441647
608616 -891948
-226092 770265
397145 10871
-614482 -369284
-25071 -967153
-91830 768564
-332761 -287006
564068 984298
8
-187166 211784
1000000 -696970
1000000 -205061
1000000 -835240
1000000 284479
1000000 943092
1000000 841142
-682742 568632
15
-557285 231258
915294 272618
373050 169651
148521 719784
-434540 -125424
-787973 873657
155118 -953329
791847 582117
-379176 814215
795833 775963
876072 145704
-643754 474605
575271 200117
187594 -353431
-254344 -633216
15
671855 512601
264310 -105724
-138846 217720
89870 -35948
711096 456202
-12720 5088
591978 223464
153790 -61516
465059 645539
618453 843023
971180 -388472
-391957 236860
-489210 195684
529911 739250
668840 -267536
15
-129832 -371095
50809 762835
-826810 -273571
-476649 476990
342819 -371746
491812 741830
271616 -454050
481830 -272560
-5810 520537
-733775 813536
278381 -154011
-793514 761216
-430034 853437
498077 -654092
972813 -970816
15
-992192 -735291
60836 -81542
976946 339814
-872375 -669615
-239131 937163
198659 -600193
697223 864478
-617803 201719
-361166 -969958
-663084 -814971
989410 635131
843116 -597359
188387 550520
194670 744165
-450380 427375
15
52500 -657946
921736 923205
-592438 -756299
602349 -167184
800799 485635
-222022 -161707
975651 3405
-60539 -144269
-984186 745050
511797 -150246
315912 807576
-97054 927983
362386 -825525
-934934 536742
554918 625203
15
623751 -113406
219257 770727
-124425 181727
-550778 977213
841882 -501239
-730913 -909137
-46118 185048
602697 -658586
785180 76596
-330249 113846
-531996 706163
255175 275434
-996521 -520360
973070 381522
197738 -732106
12
857930 -528989
-186106 -865025
525665 694172
449640 155208
-646026 574716
-608112 512452
-781409 -162967
-942227 -331293
-999288 529988
967574 -673129
510182 229769
973461 -908630
13
499494 -413215
-57942 868505
772794 337195
115027 407293
-547246 510593
-485194 653623
-80117 -627933
674346 192247
-416773 254630
93320 -525773
133517 803821
-443832 665315
590763 390900
12
35468 247095
-449394 -322660
938298 -49700
402700 20975
805940 -699192
-112489 944913
-819837 916553
-474707 -503836
-284396 -570382
-664814 652933
465810 373996
207434 -680699
11
-799300 -701337
-668264 79399
-405687 -688021
-967264 799688
190751 692394
-598473 879317
-102282 -338296
-554772 -88057
289355 -406915
-343850 -469272
-265859 -135624
8
355229 -980323
-945129 -980323
-922491 -980323
-118629 -980323
-694053 -980323
-965582 -980323
-407135 -980323
852502 -980323
10
857961 -701390
129975 -701390
-514342 -701390
532378 -701390
44466 -701390
641708 -701390
-66226 -701390
592486 -701390
811172 -701390
976909 -701390
5
953623 1000000
824372 1000000
-4655 1000000
-851169 1000000
-419608 1000000
7
-357600 -143040
-261840 -104736
53692 -260849
399420 159768
-790350 -316140
922559 -64671
490643 -101475
15
634364 -982281
-851469 -234354
199968 -487287
288589 -333999
503586 108042
-317308 812397
910720 423870
-8191 -109982
-157894 -434923
837788 -801321
-443259 44887
-503691 268281
-410131 -558635
-550329 97719
244077 675950
3
-111569 47539
-56538 9423
303662 979982
15
992234 -307037
-542259 -94412
-533600 489714
470417 60724
375843 456461
508392 844233
-901892 310451
202124 -883327
-524672 968347
282844 -316045
-460451 -114793
234638 -253113
-31718 -720923
-118789 -840419
124130 -907731
9
-493622 -111244
-723565 581311
97017 219264
424964 310082
297639 -292426
-90123 18994
802231 218489
-289898 -753985
-24743 218939
7
236504 -1000000
-809365 -1000000
756826 -1000000
-693017 -1000000
334157 -1000000
-748254 -1000000
-240915 -1000000
8
-820684 368020
846382 150880
-930889 393157
-115079 511294
139070 82548
-91414 581087
483521 947329
-752961 252604
8
215217 1000000
-951261 151650
835479 1000000
37576 1000000
-324859 1000000
-826919 1000000
181265 1000000
287298 1000000
14
756873 -190752
134899 398505
59311 -199995
292785 -874545
-377103 -777724
-561961 774062
96103 20465
458609 47590
46990 342535
253335 683555
-202134 303087
-801127 -183895
286786 -527263
355017 -878451
15
556344 -992770
813320 822326
465558 183361
678269 878204
-58500 -625303
-11074 -359440
866035 -653413
7445 -617583
-637372 262349
-199942 -779310
344784 -161267
264494 -601254
888543 906660
545018 -210480
-567932 -926613
15
-318440 -320350
-594681 505356
38691 -66919
-850308 -518513
-820316 -327849
-279750 -805945
-400556 24365
-279545 -384787
466640 817294
106422 552396
-250135 239267
645312 351935
-258995 -140577
-632450 137348
909544 512068
3
-440943 -814317
-970240 -242560
-659799 -590445
14
-14640 -612145
540433 954945
-950298 434677
98940 -496244
-354991 -942423
-956522 -997854
109346 53470
653712 -536257
-503914 -746617
-129379 334153
359023 -371866
-685704 -192778
-583534 727467
702586 -378379
3
286864 -71716
-135956 698110
-342987 573492
15
-82178 614757
-727072 581368
-115828 656613
556626 887070
-994944 -125834
-664627 -442102
394965 12945
-862571 325270
-398687 739326
452407 -79461
-393606 -936540
-510128 984650
433949 843939
877618 785088
386645 -24053
7
-58196 237010
-811202 -34277
-434360 -521232
-806081 -841237
694030 832836
-827775 -993330
-722801 -86081
4
-310860 -784588
-435590 125418
263933 158855
-749949 -480972
7
-370578 -1000000
-714930 -1000000
-16393 -1000000
-265417 -1000000
659403 -1000000
980055 -1000000
-908079 -1000000
2
997469 -703633
313467 -221491
11
-997461 -894121
136878 13796
134926 935657
-168836 -819717
-57939 -643704
-300244 -821721
714691 -892294
-115101 227816
-39910 252404
-151175 -136163
-454710 -733958
15
636859 513139
942313 349998
-838047 952208
756906 752591
755336 113309
802070 111496
546085 534743
-339200 -361084
-720250 -390587
-254463 -841057
-575579 -834222
857752 -478678
670107 -42450
332890 -531708
-523775 774992
15
69699 411029
549106 458819
843428 859365
-817137 364559
-793502 -336108
-715414 -795781
423032 125908
-931939 523315
675770 -455868
-430219 -463578
-194130 -698181
567246 926616
-532436 -780759
-356085 -90079
206264 725530
15
-323998 803688
968310 -545947
-133795 736521
-746058 -573301
-691433 -326246
-371254 333444
-458692 996305
-14450 804614
74735 263746
981637 -192569
260689 517853
-686093 -762213
126747 -137636
989637 -877933
17885 254956
4
518280 518280
-764295 -764295
-984430 -984430
-245705 -245705
8
-880783 -1000000
-579701 -1000000
-863625 -1000000
385528 -1000000
-764338 -1000000
-206753 -1000000
-474590 -1000000
864021 -1000000
15
-377160 -603954
528145 -19778
379042 909449
617804 -751604
-356437 681383
-819205 348541
906391 499520
-374732 -550826
411880 858454
903215 -464558
867791 62677
-439770 -336744
-85268 56481
-419638 751128
-944129 837174
5
-404106 134702
-311430 103810
225510 -75170
-926100 308700
633432 -211144
3
-461631 661484
567253 19533
862139 661484
8
1000000 -995712
1000000 926691
1000000 -850547
1000000 592478
1000000 -864723
1000000 960622
1000000 -802256
1000000 -956390
9
589341 -889157
-675446 -864454
-742433 -1000000
242701 -1000000
-356236 -1000000
-752424 -1000000
-753562 98018
745907 -1000000
148243 -45684
9
852948 -708804
-403160 -162337
823669 -153214
-189478 110352
314027 -401100
-511481 -853988
-143933 378395
-454577 859838
-597414 538880
11
612486 -1000000
-693102 -1000000
-10472 766668
-926794 -1000000
908284 -510956
4682 -354871
-779060 -1000000
869821 839852
-403146 -1000000
-551335 681550
867710 -1000000
