100
2534 196 0.6054084569594469
2394 162 0.8883575665733285
1878 46 0.6060101128687421
2105 97 0.6817037164372213
3000 160 0.6579502846146681
1682 136 0.7030610245850939
587 25 0.5564733948173315
1786 17 0.7810815247228993
10 5 0.1
10 12 0.5
814 42 0.9383878624181936
2996 179 0.7084041238011283
3000 148 0.9286954412715177
3000 39 0.6214264176481694
1876 65 0.6203153429160364
2449 95 0.8568630806155138
35 4 0.7488013166774974
3000 94 0.8689874881448595
751 72 0.8505084965170995
2247 79 0.5353719590280765
3000 68 0.883581865722848
3000 132 0.9234418745440136
2637 148 0.7415451482506217
1650 19 0.5949213049477194
1813 139 0.5572907067639026
970 11 0.7914255490148022
2582 134 0.6374763026733724
2855 187 0.8236994563582262
221 5 0.5488054366573167
3000 27 0.8186760818824159
1258 121 0.6693492295408369
1788 21 0.7971498830069721
3000 50 0.123
299 27 0.740555319191734
3000 1235 0.9966125411381052
2 1 0.5
806 3 0.6110579784569348
10 5 0.9
2868 209 0.771784841503131
591 60 0.8373710530917882
1755 47 0.6425317768313628
1419 14 0.812037008609856
890 35 0.6280920718241658
1281 107 0.8554390281918967
3000 1757 0.9670775954951097
1 1 0.4
217 7 0.7382865325352616
2099 164 0.8526301231893367
2435 177 0.8257519323246103
884 74 0.8331847028779271
848 69 0.6842106542400741
1568 66 0.6825224946432729
3000 50 0.987
3000 135 0.5511401553868309
41 1 0.8926842640574327
2075 56 0.7484377697168556
1966 131 0.7451116057492349
3000 121 0.9980522144494091
688 45 0.6962093634623593
1277 84 0.5281795396618607
441 33 0.7285575415657165
833 24 0.8138395412396386
1611 141 0.6335649035944795
1293 65 0.582991019442719
2293 70 0.7086400483014732
2 1 0.4
3000 2462 0.9151227339986332
3000 854 0.9720202238293681
393 32 0.8120283847590396
1749 45 0.9143400610994803
1 2 0.4
1044 84 0.5530043251262713
3000 125 0.919826528587413
3000 43 0.8371587587474507
1660 69 0.7276434923661332
2725 152 0.9644393341319417
2399 168 0.6193067876043573
1153 99 0.8326365107773426
711 56 0.584366839884684
1554 145 0.7637375371019444
1278 42 0.80601511325007
1697 165 0.5387704511517171
805 48 0.9754023606740081
1691 70 0.7326379597373137
2905 190 0.6586390758629603
1390 14 0.5106464421058559
196 7 0.9283974315393538
3000 48 0.815240333295067
3000 6 0.6128288993437406
3000 62 0.54049556192781
167 15 0.7097907275007792
3000 195 0.8184633788266845
2127 96 0.8745616405293963
2742 61 0.9532570462552223
2979 43 0.7772237010498029
2365 26 0.962708315263124
1280 117 0.5756631581713177
949 32 0.660591763871422
3000 835 0.9304641233983514
2357 89 0.5733587844996094
