50
3
1 2 3
2 3 5
3 5 6
2 3 4
1 2 3
4
1 2 3 4
2 3 4 5
2 3 4 5
4 5 6 7
3 4 5 6
4 5 6 7
1 2 3 4
7
10 13 17 19 21 22 24
13 17 21 22 25 26 29
1 2 4 7 10 12 13
12 16 19 21 24 26 29
9 12 15 19 21 23 25
4 9 11 14 17 18 21
11 15 17 20 22 25 26
1 3 4 6 9 11 12
3 6 9 11 13 14 17
7 11 14 16 19 20 21
12 14 18 20 23 25 26
4 9 11 13 15 17 19
6 10 13 16 19 20 22
7
23 28 52 69 88 104 117
93 112 116 138 160 181 189
68 83 102 118 141 165 174
9 10 29 44 63 69 86
69 104 108 132 165 181 199
10 28 58 71 83 112 132
42 58 70 92 105 108 118
29 52 70 74 102 116 149
9 23 42 66 68 93 95
63 88 105 128 141 160 166
95 132 149 160 166 199 208
44 69 92 106 118 138 160
66 71 74 106 128 132 157
3
3 4 5
1 2 3
2 3 4
2 3 4
1 2 3
3
4 9 10
1 4 5
1 4 9
4 9 11
9 10 13
10
9 18 23 26 29 32 40 44 47 51
23 30 32 35 36 41 50 55 59 60
25 31 36 40 41 45 50 54 56 61
20 26 28 32 33 38 41 45 46 51
7 13 17 20 22 28 36 40 46 50
32 41 46 47 50 54 59 60 65 70
2 4 7 9 14 18 23 28 29 30
14 23 24 27 31 33 41 48 50 54
30 36 37 46 48 51 61 65 70 75
2 6 7 12 17 20 25 29 32 35
6 9 13 18 23 25 30 31 33 36
17 21 22 29 31 33 36 42 45 48
18 25 29 30 33 38 45 49 54 59
29 36 40 44 48 49 55 58 63 65
12 13 20 26 27 30 35 39 43 46
4 9 12 13 21 26 31 36 41 42
7 12 17 23 24 29 32 33 34 37
28 31 33 39 42 45 54 58 60 63
29 33 34 43 45 46 56 63 65 66
2
2 22
2 22
22 222
7
1 2 3 5 7 9 10
4 5 7 8 9 11 13
9 10 11 12 14 16 19
5 7 8 10 12 14 16
10 12 13 15 17 19 21
10 11 13 16 17 19 21
6 7 9 10 11 12 15
1 2 4 6 7 8 10
8 10 12 14 15 16 19
2 4 6 7 8 10 12
7 9 10 12 13 14 17
3 6 7 9 10 12 13
2 4 5 7 9 10 11
3
2 3 4
2 3 4
3 4 5
1 2 3
3 4 5
7
6 11 16 20 25 27 30
19 27 30 32 35 39 42
22 28 33 34 38 42 46
1 5 10 13 16 19 21
16 25 28 29 34 35 38
1 6 8 13 17 20 22
20 23 27 32 35 39 45
17 22 25 27 34 35 42
21 30 33 38 42 45 46
5 11 15 16 22 23 28
13 20 23 25 27 32 34
8 15 18 23 28 30 33
13 16 22 25 29 32 38
9
10 15 16 19 21 23 25 27 29
7 10 12 14 15 17 19 20 22
8 12 13 16 17 18 21 22 23
9 14 15 17 19 21 23 24 25
9 12 14 17 18 21 23 25 27
2 4 6 7 8 9 10 12 14
4 6 7 9 11 12 14 15 17
6 8 9 11 13 14 16 18 19
11 14 16 19 21 23 25 27 29
14 17 18 23 25 27 29 31 32
7 11 13 15 17 19 21 22 25
14 17 19 22 23 25 29 31 32
2 3 4 5 7 9 11 13 14
5 9 11 14 16 17 19 21 23
13 15 18 20 22 24 27 29 31
3 6 8 10 12 14 15 16 17
12 16 17 21 22 25 27 29 31
3
4 8 9
7 9 11
5 8 10
3 5 7
3 4 7
10
9 10 11 12 13 14 15 16 17 18
4 5 6 7 8 9 10 11 12 13
3 4 5 6 7 8 9 10 11 12
2 3 4 5 6 7 8 9 10 11
10 11 12 13 14 15 16 17 18 19
1 2 3 4 5 6 7 8 9 10
7 8 9 10 11 12 13 14 15 16
6 7 8 9 10 11 12 13 14 15
5 6 7 8 9 10 11 12 13 14
1 2 3 4 5 6 7 8 9 10
8 9 10 11 12 13 14 15 16 17
4 5 6 7 8 9 10 11 12 13
2 3 4 5 6 7 8 9 10 11
7 8 9 10 11 12 13 14 15 16
8 9 10 11 12 13 14 15 16 17
3 4 5 6 7 8 9 10 11 12
6 7 8 9 10 11 12 13 14 15
10 11 12 13 14 15 16 17 18 19
5 6 7 8 9 10 11 12 13 14
10
83 97 128 178 200 219 220 239 259 275
63 94 127 159 167 200 207 229 250 272
35 69 76 99 107 118 127 128 134 143
103 159 174 175 206 234 250 259 284 297
75 116 136 161 175 202 207 220 236 272
56 87 91 132 136 164 167 200 207 223
90 100 134 197 207 225 236 244 284 293
50 77 79 109 127 145 159 178 197 198
104 172 177 194 211 248 272 275 293 307
2 25 43 44 45 57 63 83 90 107
43 52 76 79 91 106 136 158 174 177
23 44 52 55 78 92 94 97 100 128
59 94 106 145 153 186 200 219 225 248
25 44 69 77 87 94 116 137 159 172
57 92 118 145 164 186 202 219 234 248
89 137 158 171 197 219 229 239 244 283
44 55 99 109 132 145 161 171 175 194
2 23 35 50 56 59 75 89 103 104
107 128 143 198 223 248 272 283 297 307
7
4 7 8 10 12 14 15
10 13 17 18 20 23 25
6 9 11 13 14 15 16
7 10 13 14 16 17 19
1 3 5 6 7 9 11
8 11 15 17 19 21 23
1 2 4 6 7 8 10
6 8 10 13 14 17 18
11 13 15 16 19 23 25
3 5 7 9 10 11 13
5 7 8 11 13 15 17
7 9 12 14 16 19 20
2 5 7 8 9 10 13
8
7 9 10 13 15 18 20 21
10 11 12 15 17 18 19 20
4 6 8 9 13 15 16 18
10 12 13 17 19 20 23 25
8 9 11 13 14 15 17 19
12 13 16 18 19 21 22 25
2 4 5 7 9 11 12 13
11 12 14 16 18 20 21 23
9 10 11 15 17 19 21 22
1 2 3 4 5 7 9 10
3 4 5 6 8 9 10 12
3 5 7 8 11 12 14 16
6 7 8 9 11 13 15 17
5 8 9 11 14 17 18 19
1 3 4 6 8 10 11 12
7
23 24 26 28 30 33 34
6 11 15 18 20 21 33
4 9 13 16 17 18 29
1 2 3 4 5 6 23
3 8 12 13 14 15 26
2 7 8 9 10 11 24
1 2 3 4 5 6 22
4 9 13 16 17 18 28
22 25 27 29 31 32 34
3 8 12 13 14 15 27
5 10 14 17 19 20 31
6 11 15 18 20 21 32
2 7 8 9 10 11 25
4
1 2 4 6
4 6 8 10
6 8 10 11
2 4 5 8
6 8 9 11
4 5 8 9
2 4 6 8
4
4 7 9 11
6 9 11 13
6 9 11 13
4 6 7 9
2 3 4 6
3 6 7 9
5 7 9 11
6
16 21 23 26 34 37
10 14 18 21 27 31
14 17 19 22 31 32
2 3 7 10 14 16
3 7 14 15 18 22
19 22 26 31 32 37
10 14 17 18 19 23
14 15 20 21 22 26
2 6 10 14 16 19
6 7 9 14 17 21
16 18 24 27 31 34
2
4 8
2 4
6 8
8
11 15 19 22 24 25 28 32
19 23 25 28 32 42 43 45
12 14 16 22 25 30 31 33
1 5 7 11 12 14 17 19
22 24 27 32 35 44 47 50
9 10 13 19 23 27 29 31
15 20 21 25 31 38 39 42
5 7 10 15 16 17 19 22
19 22 31 33 37 42 45 50
1 5 9 12 14 15 19 22
17 19 29 31 35 39 43 47
5 7 10 14 18 20 23 24
7 10 13 16 19 21 25 27
14 18 19 24 29 34 35 37
12 16 23 25 29 31 32 35
8
6 11 12 13 15 17 21 22
14 16 19 21 22 24 26 28
4 7 9 10 12 15 16 17
1 3 4 6 8 10 12 14
7 13 15 16 17 19 23 24
9 14 16 17 19 20 25 26
8 11 13 14 15 17 19 20
1 2 3 5 6 7 9 11
11 16 17 18 20 21 27 28
10 13 15 16 17 19 20 21
12 15 17 19 21 23 25 27
6 9 10 11 13 16 17 18
3 7 9 10 13 15 17 19
2 5 7 9 11 13 15 16
3 5 7 9 11 13 14 16
10
1 3 4 9 13 16 19 20 22 23
20 26 33 40 42 46 49 58 64 69
19 24 31 35 41 42 48 53 59 63
10 12 18 22 24 29 31 33 34 40
3 11 12 17 23 24 30 35 39 42
13 16 24 28 35 39 43 47 53 56
16 17 29 31 38 41 45 50 54 59
4 13 18 21 28 31 32 38 44 45
32 39 44 48 53 54 59 64 68 72
27 30 32 41 43 45 48 49 53 59
33 42 45 51 56 59 63 69 73 77
13 17 21 27 28 31 35 40 43 47
1 6 10 13 18 22 27 30 32 33
9 15 22 27 33 37 41 44 48 51
22 24 31 37 39 41 42 46 50 54
6 11 13 15 16 17 24 26 31 35
23 35 40 47 48 54 59 63 72 77
18 23 28 33 35 38 41 42 47 48
22 31 34 43 47 50 53 59 68 73
10
5 15 25 35 45 55 65 75 85 95
7 17 27 37 47 57 67 77 87 97
8 18 28 38 48 58 68 78 88 98
51 52 53 54 55 56 57 58 59 60
11 12 13 14 15 16 17 18 19 20
91 92 93 94 95 96 97 98 99 100
3 13 23 33 43 53 63 73 83 93
4 14 24 34 44 54 64 74 84 94
81 82 83 84 85 86 87 88 89 90
71 72 73 74 75 76 77 78 79 80
2 12 22 32 42 52 62 72 82 92
1 2 3 4 5 6 7 8 9 10
21 22 23 24 25 26 27 28 29 30
10 20 30 40 50 60 70 80 90 100
9 19 29 39 49 59 69 79 89 99
61 62 63 64 65 66 67 68 69 70
41 42 43 44 45 46 47 48 49 50
1 11 21 31 41 51 61 71 81 91
31 32 33 34 35 36 37 38 39 40
4
8 9 11 13
1 2 3 8
2 4 5 9
2 4 5 10
3 5 6 11
7 10 12 13
1 2 3 7
3
4 5 8
5 11 15
4 8 12
8 11 13
12 15 17
4
3 5 9 10
6 10 14 17
6 9 11 14
8 10 14 17
1 3 4 6
1 4 6 8
4 5 7 10
6
16 22 24 28 30 41
5 7 9 11 14 16
13 20 25 27 28 30
7 11 15 16 20 21
9 15 17 19 22 24
14 21 28 32 37 41
14 17 22 26 28 37
11 15 19 23 27 32
9 13 17 20 25 28
11 16 20 23 26 28
5 8 9 11 13 14
10
16 18 23 27 29 35 39 41 43 46
20 27 29 32 33 37 42 43 45 47
5 12 15 17 18 20 22 23 26 28
10 14 18 20 23 28 29 30 33 36
4 9 12 13 14 15 16 18 21 22
19 22 28 33 35 40 42 43 47 50
7 12 15 18 19 21 24 27 29 30
6 9 12 15 17 19 21 24 27 29
3 6 7 9 10 13 14 16 17 19
13 19 21 25 28 31 33 35 38 40
8 15 18 19 20 21 25 27 30 33
17 21 26 30 31 38 40 42 45 49
9 13 17 19 22 25 27 29 32 35
13 15 20 21 25 31 32 34 37 38
11 17 19 22 23 25 28 29 31 35
18 24 27 29 30 34 39 41 42 43
16 21 24 27 29 32 36 39 40 42
14 16 22 25 28 33 36 39 42 43
3 4 5 8 11 13 16 18 20 23
2
2 22
22 222
22 222
4
2 6 10 14
14 15 19 23
8 10 16 19
10 13 16 20
11 15 20 23
2 6 8 11
6 7 13 15
2
6 8
2 4
2 6
7
1 2 3 4 5 6 7
3 4 5 6 7 8 9
4 5 6 7 8 9 10
5 6 7 8 9 10 11
2 3 4 5 6 7 8
6 7 8 9 10 11 12
3 4 5 6 7 8 9
7 8 9 10 11 12 13
4 5 6 7 8 9 10
5 6 7 8 9 10 11
2 3 4 5 6 7 8
1 2 3 4 5 6 7
7 8 9 10 11 12 13
6
5 12 17 20 21 26
16 21 31 34 38 39
14 17 22 26 28 31
19 24 28 32 38 41
10 13 22 27 31 32
4 5 10 14 19 21
21 28 31 37 39 42
4 9 14 15 16 18
18 26 32 37 41 42
15 20 27 31 32 37
9 12 13 17 24 28
8
4 6 7 8 11 13 15 17
6 7 8 10 11 15 17 19
2 3 4 6 8 10 12 14
8 10 11 13 15 17 19 20
2 3 4 5 7 8 10 11
3 5 6 7 9 11 12 13
10 12 15 17 19 21 22 23
5 7 8 10 13 14 16 18
11 13 17 19 20 23 24 26
10 11 13 14 16 18 21 23
14 15 17 18 19 22 23 26
4 6 7 8 10 13 15 17
3 5 6 7 10 11 14 15
7 9 10 11 15 16 18 19
8 11 13 15 17 18 20 22
4
10 15 17 22
11 17 22 27
15 22 24 28
5 7 11 15
13 17 22 24
5 10 13 17
17 19 27 28
7
1 8 15 22 29 36 43
1 2 3 4 5 6 7
3 10 17 24 31 38 45
4 11 18 25 32 39 46
2 9 16 23 30 37 44
5 12 19 26 33 40 47
43 44 45 46 47 48 49
7 14 21 28 35 42 49
36 37 38 39 40 41 42
8 9 10 11 12 13 14
22 23 24 25 26 27 28
6 13 20 27 34 41 48
15 16 17 18 19 20 21
3
8 13 17
4 8 12
8 10 13
12 15 17
4 6 8
5
6 10 11 16 20
12 13 20 24 28
5 7 9 12 13
7 9 11 14 18
8 12 16 17 22
13 17 18 22 28
6 7 10 11 17
4 5 6 9 13
9 11 14 17 24
4
19 35 50 70
11 19 26 33
11 17 29 30
33 44 79 103
17 35 42 44
29 50 58 79
30 70 78 103
2
6 8
2 6
4 8
8
2 3 4 5 7 9 11 12
12 14 16 18 19 24 26 28
11 13 15 17 18 22 24 26
3 5 7 9 11 12 13 15
7 9 10 12 14 15 17 18
7 8 11 14 16 19 20 21
11 13 17 18 20 21 24 26
4 5 6 7 8 10 13 14
5 7 10 12 15 17 18 19
6 7 8 10 11 12 15 16
13 15 18 19 21 22 26 28
10 12 15 17 19 20 22 24
9 11 13 15 16 17 18 19
2 4 6 7 9 10 11 13
4 6 8 10 13 15 17 18
4
13 14 15 16
9 10 11 12
1 2 3 4
1 5 9 13
2 6 10 14
4 8 12 16
3 7 11 15
3
2 3 4
3 4 5
3 4 5
1 2 3
1 2 3
2
4 8
2 4
2 6
10
4 5 6 8 11 12 13 14 17 19
13 14 17 20 21 24 26 28 30 32
11 12 14 17 19 20 24 26 28 30
8 10 11 13 16 17 20 21 23 25
12 13 16 18 20 22 24 25 27 29
5 6 8 10 11 12 14 16 17 19
7 8 9 11 13 15 17 18 20 21
12 14 16 18 20 21 25 28 29 32
2 4 5 6 8 10 11 12 13 15
17 19 20 23 25 26 30 32 33 35
13 15 17 20 21 23 27 30 31 33
9 11 13 15 16 18 19 20 21 22
3 5 6 7 10 11 12 14 15 17
6 7 10 11 15 16 18 20 21 23
10 12 15 16 17 19 20 21 23 25
10 11 12 15 18 19 22 24 25 26
15 17 18 21 23 25 28 29 31 33
2 3 5 7 9 10 12 13 15 17
15 17 19 21 22 25 29 32 33 35
10
3 11 18 19 20 21 22 23 24 50
6 14 21 27 32 36 37 38 39 57
8 16 23 29 34 38 41 43 44 60
1 2 3 4 5 6 7 8 9 47
8 16 23 29 34 38 41 43 44 61
1 2 3 4 5 6 7 8 9 46
4 12 19 25 26 27 28 29 30 52
46 49 50 52 54 56 58 60 62 64
7 15 22 28 33 37 40 41 42 59
9 17 24 30 35 39 42 44 45 63
2 10 11 12 13 14 15 16 17 49
5 13 20 26 31 32 33 34 35 55
2 10 11 12 13 14 15 16 17 48
3 11 18 19 20 21 22 23 24 51
5 13 20 26 31 32 33 34 35 54
7 15 22 28 33 37 40 41 42 58
47 48 51 53 55 57 59 61 63 64
4 12 19 25 26 27 28 29 30 53
6 14 21 27 32 36 37 38 39 56
8
17 18 23 26 27 33 35 39
2 5 8 11 14 15 17 20
17 21 24 26 28 33 35 36
18 21 26 27 29 35 36 41
8 11 13 16 18 20 23 26
11 12 15 18 20 22 26 27
9 12 16 18 21 24 26 27
20 23 25 27 29 36 39 41
14 17 20 22 25 30 33 36
14 17 18 21 24 25 27 29
5 6 7 12 13 17 18 21
6 7 13 15 18 20 24 25
5 6 11 12 17 18 21 23
11 13 18 20 24 27 28 29
15 18 20 24 27 30 33 35
